2
---
single
clusters: [(-896, -120),(-438, 13),(-504, -332),(-963, 752),(-314, 461),(-546, -800),(-229, -469),(-752, 600),(-312, -179),(-467, 178),(-347, -750),(-645, -450),(-683, 888),(-98, -284),(-445, 621),(-519, 529),(-696, -409),(-419, 854)][(602, 337),(815, 144),(415, -953),(625, 384),(53, -169),(787, -17),(830, -954),(768, -265),(734, -847),(388, -251)][(444, 974),(512, 724)]
span: 0.9257682206228005, 0.9193678534664724
---
complete
clusters: [(-896, -120),(-438, 13),(-504, -332),(-963, 752),(-314, 461),(-546, -800),(-229, -469),(-752, 600),(-312, -179),(-467, 178),(-347, -750),(-645, -450),(-683, 888),(-98, -284),(-445, 621),(-519, 529),(-696, -409),(-419, 854)][(415, -953),(53, -169),(830, -954),(768, -265),(734, -847),(388, -251)][(602, 337),(815, 144),(625, 384),(787, -17),(444, 974),(512, 724)]
span: -0.7049796316762562, -0.7441029700094789
---
average
clusters: [(-896, -120),(-438, 13),(-963, 752),(-314, 461),(-752, 600),(-467, 178),(-683, 888),(-445, 621),(-519, 529),(-419, 854)][(-504, -332),(-546, -800),(-229, -469),(-312, -179),(-347, -750),(-645, -450),(-98, -284),(-696, -409)][(602, 337),(815, 144),(415, -953),(625, 384),(53, -169),(787, -17),(830, -954),(768, -265),(444, 974),(512, 724),(734, -847),(388, -251)]
span: 0.15424743167763194, 0.07954467761968255
